$ python kadai5.py 3 3 0
*********************************************
XAICHA JAIXIONG, B213379
日付:  2021-11-09 21:30:46.578293
内容：行列演算(演算子のオーバーローディング)
      およびデコレータ関数利用例
*********************************************
入力された値 3 3 0
A:
|-3.5616 -6.2721 7.9970 |
|1.6815 -0.6035 5.6469 |
|3.3086 0.9801 -8.3960 |
B:
|4.9680 -6.7579 9.3129 |
|0.0007 -0.3066 -7.4945 |
|-6.0449 7.5424 -7.9370 |
C=A+B:
|1.4064 -13.0300 17.3099 |
|1.6821 -0.9101 -1.8476 |
|-2.7362 8.5226 -16.3330 |
C=A-B:
|-8.5295 0.4859 -1.3159 |
|1.6808 -0.2969 13.1413 |
|9.3535 -6.5623 -0.4589 |
C=A*B:
|-17.6938 42.3861 74.4750 |
|0.0011 0.1850 -42.3203 |
|-20.0003 7.3927 66.6392 |
C=A/B:
|-0.7169 0.9281 0.8587 |
|2477.7225 1.9682 -0.7535 |
|-0.5473 0.1300 1.0578 |
-----------------------------------------------

$ python kadai5.py 3 3 1
*********************************************
XAICHA JAIXIONG, B213379
日付:  2021-11-09 21:31:00.449176
内容：行列演算(演算子のオーバーローディング)
      およびデコレータ関数利用例
*********************************************
入力された値 3 3 1
A:
|2.4924 8.1685 -0.7546 |
|4.3995 -7.7353 -3.8591 |
|-7.3985 8.2915 8.3604 |
B:
|0.0000 -3.7624 -8.8360 |
|-8.2356 -0.4807 3.1670 |
|-5.4492 3.0387 1.9445 |
ゼロ割り算が発生しました
C=A+B:
|2.4924 4.4061 -9.5905 |
|-3.8361 -8.2160 -0.6921 |
|-12.8477 11.3301 10.3050 |
C=A-B:
|2.4924 11.9309 8.0814 |
|12.6350 -7.2547 -7.0261 |
|-1.9493 5.2528 6.4159 |
C=A*B:
|0.0000 -30.7334 6.6673 |
|-36.2321 3.7180 -12.2216 |
|40.3162 25.1951 16.2570 |
C=A/B:
ゼロ割り算が発生しました
-----------------------------------------------